00000000000000000000000000000000000000000000000000252000000000000000000000000000
00000000000000000000000000000000000000000000000000555000000000000000000000000000
00000000000000000000000000000000000000000000000000242000000000000000000000000000
00000000000000000000000000000000000000000000000000151000000000000000000000000000
00000000000000000000000000000000000000000000000000000000000000000000000000000000
00000000000000000000000000000000000000000000000000000000000000000000000000000000
00000000000000000000000000000000000000000000000000000000000000000000000000000000
00000000000000000000000000000000000000000000000000000000000000000000000000000000
00000000000000000000000000000000000000000000000000000000000000000000000000000000
00000000000000000000000000000000000000000000000000000000000000000000000000000000
