00000000000000000000000000000000000000000000000000000000000000000000000000000000
00000000000000000000000000000000000000000000000000000000000000000000000000000000
00000000000000000000000000000000000000000000000000000000000000000000000000000000
00005950000000000000000000000000000000000000000000000000000000000000000000000000
00009990000000000000000000000000000000000000000000000000000000000000000000000000
00005950000000000000000000000000000000000000000000000000000000000000000000000000
00003930000000000000000000000000000000000000000000000000000000000000000000000000
00000000000000000000000000000000000000000000000000000000000000000000000000000000
00000000000000000000000000000000000000000000000000000000000000000000000000000000
00000000000000000000000000000000000000000000000000000000000000000000000000000000
