00000000000000000000000000000000000000000000000000000000000000000000000000000000
00000000000000000000000000000000000000000000000000000000000000000000000000000000
00000000000000000000000000000000000000000000000000000000000000000000000000000000
95000000000000000000000000000000000000000000000000000000000000000000000000000005
99000000000000000000000000000000000000000000000000000000000000000000000000000009
95000000000000000000000000000000000000000000000000000000000000000000000000000005
93000000000000000000000000000000000000000000000000000000000000000000000000000003
00000000000000000000000000000000000000000000000000000000000000000000000000000000
00000000000000000000000000000000000000000000000000000000000000000000000000000000
00000000000000000000000000000000000000000000000000000000000000000000000000000000
