00000000000000000000000000000000000000000000000000000000000000000000000000000000
00000000000000000000000000000000000000000000000000000000000000000000000000000000
00000000000000000000000000000000000000000000000000000000000000000000000000000000
00000000000000000000000000000000000000000000000000000000000000000000000000000000
00000000000000000000000000000000000005950000000000000000000000000000000000000000
00000000000000000000000000000000000009990000000000000000000000000000000000000000
00000000000000000000000000000000000005950000000000000000000000000000000000000000
00000000000000000000000000000000000003930000000000000000000000000000000000000000
00000000000000000000000000000000000000000000000000000000000000000000000000000000
00000000000000000000000000000000000000000000000000000000000000000000000000000000
