00000000000000000000000000000000000000000000000000000000000000000000000000000000
00000000000000000000000000000000000000000000000000000000000000000000000000000000
00000000000000000000000000000000000000000000000000000000000000000000000000000000
00000000000000000000000000000000000000000000000000000000000000000000000000059500
00000000000000000000000000000000000000000000000000000000000000000000000000099900
00000000000000000000000000000000000000000000000000000000000000000000000000059500
00000000000000000000000000000000000000000000000000000000000000000000000000039300
00000000000000000000000000000000000000000000000000000000000000000000000000000000
00000000000000000000000000000000000000000000000000000000000000000000000000000000
00000000000000000000000000000000000000000000000000000000000000000000000000000000
