00000000000000000000000000000000000000000000000000000000000000000000000000000000
00000000000000000000000000000000000000000000000000000000000000000000000000000000
00000000000000000000000000000000000000000000000000000000000000000000000000000000
00000000000000000000000000000000000000000000000000000000000000000000000000000000
00000000000000000000000000000000000000000000000000000000000000000000000000000000
00000000000000000000000000000000000000000000000000000000000000000000000000000000
00000000000000000000000000595000000000000000000000000000000000000000000000000000
00000000000000000000000000999000000000000000000000000000000000000000000000000000
00000000000000000000000000595000000000000000000000000000000000000000000000000000
00000000000000000000000000393000000000000000000000000000000000000000000000000000
