00000000000000000000000000000000000000000000000000000000000000000000000000000000
00000000000000000000000000000000000000000000000000000000000000000000000000000000
00000000000000000000000000000000000000000000000000000000000000000000000000000000
00000000000000000000000000000000000000000000000000000000000059500000000000000000
00000000000000000000000000000000000000000000000000000000000099900000000000000000
00000000000000000000000000000000000000000000000000000000000059500000000000000000
00000000000000000000000000000000000000000000000000000000000039300000000000000000
00000000000000000000000000000000000000000000000000000000000000000000000000000000
00000000000000000000000000000000000000000000000000000000000000000000000000000000
00000000000000000000000000000000000000000000000000000000000000000000000000000000
