1 2
2 3
5 6
6 7
7 8
8 9
9 10
10 11
11 12
12 13
15 16
16 17
17 18
18 19
19 20
20 21
21 22
22 23
25 26
26 27
27 28
28 29
29 30
30 31
31 32
32 33
35 36
36 37
37 38
38 39
39 40
40 41
41 42
42 43
45 46
46 47
47 48
48 49
49 50
50 51
51 52
52 53
55 56
56 57
57 58
58 59
59 60
60 61
61 62
62 63
1 3
1 5
2 5
2 6
5 7
1 8
3 9
5 9
7 9
1 10
5 10
1 11
2 11
3 11
5 11
7 11
1 12
6 12
1 13
9 13
11 13
3 15
7 15
8 15
9 15
9 16
12 17
5 18
6 18
8 18
10 18
11 18
3 19
5 19
10 19
5 20
7 20
11 20
12 20
17 20
18 20
2 21
5 21
7 21
12 21
13 21
16 21
15 22
20 22
6 23
7 23
18 23
9 25
18 25
19 25
2 26
6 26
7 26
18 26
19 26
3 27
17 27
20 27
7 28
9 28
15 28
11 29
16 29
25 29
6 30
11 30
13 30
19 30
28 30
12 31
26 31
7 32
10 32
26 32
7 33
10 33
15 33
28 33
5 35
6 35
7 35
16 35
20 35
26 35
27 35
28 35
32 35
33 35
3 36
11 36
15 36
16 36
18 36
19 36
28 36
29 36
31 36
32 36
1 37
5 37
7 37
17 37
18 37
30 37
2 38
7 38
18 38
22 38
23 38
35 38
2 39
17 39
26 39
28 39
29 39
31 39
1 40
2 40
13 40
26 40
28 40
38 40
2 41
21 41
22 41
30 41
33 41
36 41
37 41
1 42
3 42
8 42
17 42
33 42
35 42
36 42
37 42
39 42
9 43
10 43
19 43
21 43
22 43
37 43
1 45
10 45
11 45
13 45
16 45
21 45
22 45
33 45
37 45
38 45
42 45
6 46
9 46
15 46
19 46
27 46
28 46
29 46
32 46
36 46
41 46
43 46
2 47
15 47
17 47
21 47
25 47
28 47
39 47
6 48
7 48
11 48
15 48
22 48
25 48
45 48
3 49
5 49
7 49
23 49
25 49
26 49
29 49
31 49
41 49
42 49
45 49
2 50
7 50
16 50
17 50
26 50
28 50
33 50
36 50
2 51
12 51
13 51
19 51
21 51
22 51
29 51
43 51
1 52
18 52
23 52
26 52
30 52
31 52
36 52
46 52
49 52
1 53
5 53
8 53
16 53
18 53
20 53
27 53
28 53
30 53
31 53
37 53
39 53
42 53
46 53
49 53
2 55
3 55
6 55
13 55
20 55
33 55
43 55
3 56
12 56
23 56
27 56
28 56
36 56
46 56
47 56
2 57
3 57
5 57
7 57
17 57
18 57
22 57
42 57
46 57
48 57
49 57
9 58
10 58
11 58
23 58
28 58
46 58
50 58
51 58
2 59
8 59
10 59
23 59
26 59
46 59
47 59
53 59
55 59
3 60
8 60
23 60
27 60
28 60
31 60
40 60
46 60
50 60
51 60
52 60
56 60
1 61
2 61
6 61
7 61
15 61
17 61
18 61
33 61
36 61
41 61
43 61
49 61
50 61
2 62
3 62
5 62
7 62
9 62
21 62
22 62
23 62
41 62
48 62
57 62
58 62
6 63
8 63
15 63
18 63
23 63
27 63
33 63
37 63
43 63
46 63
49 63
51 63
58 63
4 64
4 65
4 66
4 67
4 68
4 69
24 69
44 69
54 69
34 69
14 69
